a=1234565765765; b=2*a;
safd=4444;%% test commit